[?25l[?7l ​[0m[31m[1m 
 ​  ⡏⠉⠉⠉⠉⠉⠉⠋⠉⠉⠉⠉⠉⠉⠋⠉⠉⠉⠉⠉⠉⠉⠉⠉⠉⠙⠉⠉⠉⠹ 
 ​   ⢸⣿⡟⠛⢿⣷⠀⢸⣿⡟⠛⢿⣷⡄⢸⣿⡇⠀⢸⣿⡇⢸⣿⡇⠀⢸⣿⡇⠀ 
 ​  ⡇⢸⣿⣧⣤⣾⠿⠀⢸⣿⣇⣀⣸⡿⠃⢸⣿⡇⠀⢸⣿⡇⢸⣿⣇⣀⣸⣿⡇⠀ 
 ​  ⡇⢸⣿⡏⠉⢹⣿⡆⢸⣿⡟⠛⢻⣷⡄⢸⣿⡇⠀⢸⣿⡇⢸⣿⡏⠉⢹⣿⡇⠀ 
 ​  ⡇⢸⣿⣧⣤⣼⡿⠃⢸⣿⡇⠀⢸⣿⡇⠸⣿⣧⣤⣼⡿⠁⢸⣿⡇⠀⢸⣿⡇⠀ 
 ​  ⣇⣀⣀⣀⣀⣀⣀⣄⣀⣀⣀⣀⣀⣀⣀⣠⣀⡈⠉⣁⣀⣄⣀⣀⣀⣠⣀⣀⣀⣰ 
 
   ​[38;2;204;204;204;48;2;204;204;204m▝[0m[38;2;204;204;204;48;2;204;204;204m▖[0m[38;2;204;204;204;48;2;204;204;204m▘[0m[38;2;204;204;204;48;2;204;204;204m▀[0m[38;2;204;204;204;48;2;204;204;204m▝[0m[38;2;204;204;204;48;2;204;204;204m▗[0m[38;2;204;204;204;48;2;204;204;204m▘[0m[38;2;204;204;204;48;2;204;204;204m▖[0m[38;2;204;204;204;48;2;204;204;204m▗[0m[38;2;204;204;204;48;2;204;204;204m▘[0m[38;2;204;204;204;48;2;204;204;204m▗[0m[38;2;166;160;144;48;2;187;187;187m▗[0m[38;2;166;160;144;48;2;85;85;85m▞[0m[38;2;187;187;187;48;2;59;44;31m▀[0m[38;2;166;160;144;48;2;34;34;34m▀[0m[38;2;136;136;136;48;2;65;65;35m▀[0m[38;2;170;170;170;48;2;87;59;59m▀[0m[38;2;204;204;204;48;2;126;110;96m▀[0m[38;2;187;187;187;48;2;85;85;85m▀[0m[38;2;187;187;187;48;2;126;110;96m▀[0m[38;2;204;204;204;48;2;166;160;144m▀[0m[38;2;204;204;204;48;2;187;187;187m▀[0m[38;2;204;204;204;48;2;221;221;221m▖[0m[38;2;221;221;221;48;2;221;221;221m▞[0m[38;2;221;221;221;48;2;221;221;221m▝[0m[38;2;166;160;144;48;2;221;221;221m▐[0m[38;2;170;170;170;48;2;221;221;221m▘[0m[38;2;245;225;210;48;2;221;221;221m▘[0m[38;2;221;221;221;48;2;221;221;221m▐[0m[38;2;221;221;221;48;2;221;221;221m▖[0m
   ​[38;2;204;204;204;48;2;204;204;204m▗[0m[38;2;204;204;204;48;2;204;204;204m▗[0m[38;2;204;204;204;48;2;204;204;204m▀[0m[38;2;204;204;204;48;2;204;204;204m▝[0m[38;2;204;204;204;48;2;204;204;204m▖[0m[38;2;204;204;204;48;2;204;204;204m▝[0m[38;2;204;204;204;48;2;204;204;204m▀[0m[38;2;204;204;204;48;2;204;204;204m▀[0m[38;2;136;136;136;48;2;204;204;204m▗[0m[38;2;170;170;170;48;2;59;44;31m▀[0m[38;2;102;102;102;48;2;17;17;17m▀[0m[38;2;34;34;34;48;2;17;17;17m▀[0m[38;2;17;17;17;48;2;17;17;17m▖[0m[38;2;17;17;17;48;2;17;17;17m▖[0m[38;2;17;17;17;48;2;17;17;17m▗[0m[38;2;17;17;17;48;2;17;17;17m▐[0m[38;2;17;17;17;48;2;25;30;15m▖[0m[38;2;50;22;35;48;2;59;44;31m▖[0m[38;2;59;44;31;48;2;59;44;31m▐[0m[38;2;59;44;31;48;2;59;44;31m▗[0m[38;2;59;44;31;48;2;59;44;31m▐[0m[38;2;126;110;96;48;2;87;59;59m▝[0m[38;2;126;110;96;48;2;187;187;187m▖[0m[38;2;221;221;221;48;2;204;204;204m▀[0m[38;2;221;221;221;48;2;221;221;221m▘[0m[38;2;204;204;204;48;2;166;160;144m▘[0m[38;2;245;225;210;48;2;221;221;221m▝[0m[38;2;221;221;221;48;2;221;221;221m▘[0m[38;2;221;221;221;48;2;221;221;221m▖[0m[38;2;221;221;221;48;2;221;221;221m▗[0m
   ​[38;2;204;204;204;48;2;204;204;204m▖[0m[38;2;204;204;204;48;2;204;204;204m▗[0m[38;2;204;204;204;48;2;204;204;204m▞[0m[38;2;204;204;204;48;2;204;204;204m▘[0m[38;2;204;204;204;48;2;204;204;204m▐[0m[38;2;204;204;204;48;2;204;204;204m▝[0m[38;2;204;204;204;48;2;204;204;204m▖[0m[38;2;51;51;51;48;2;187;187;187m▗[0m[38;2;17;17;17;48;2;34;34;34m▗[0m[38;2;0;0;0;48;2;17;17;17m▝[0m[38;2;17;17;17;48;2;115;87;59m▀[0m[38;2;59;44;31;48;2;143;115;87m▀[0m[38;2;59;44;31;48;2;142;85;85m▀[0m[38;2;115;87;59;48;2;64;24;17m▖[0m[38;2;17;17;17;48;2;64;24;17m▀[0m[38;2;17;17;17;48;2;17;17;17m▞[0m[38;2;25;30;15;48;2;17;17;17m▝[0m[38;2;59;44;31;48;2;25;30;15m▀[0m[38;2;59;44;31;48;2;59;44;31m▀[0m[38;2;65;65;35;48;2;59;44;31m▝[0m[38;2;59;44;31;48;2;87;59;59m▝[0m[38;2;59;44;31;48;2;59;44;31m▗[0m[38;2;115;87;59;48;2;59;44;31m▐[0m[38;2;85;85;85;48;2;166;160;144m▖[0m[38;2;204;204;204;48;2;221;221;221m▗[0m[38;2;221;221;221;48;2;166;160;144m▐[0m[38;2;221;221;221;48;2;221;221;221m▐[0m[38;2;221;221;221;48;2;221;221;221m▖[0m[38;2;221;221;221;48;2;221;221;221m▘[0m[38;2;221;221;221;48;2;221;221;221m▞[0m
   ​[38;2;204;204;204;48;2;204;204;204m▖[0m[38;2;204;204;204;48;2;204;204;204m▐[0m[38;2;204;204;204;48;2;204;204;204m▘[0m[38;2;204;204;204;48;2;204;204;204m▗[0m[38;2;204;204;204;48;2;204;204;204m▖[0m[38;2;204;204;204;48;2;204;204;204m▖[0m[38;2;136;136;136;48;2;204;204;204m▗[0m[38;2;85;85;85;48;2;34;34;34m▘[0m[38;2;17;17;17;48;2;17;17;17m▝[0m[38;2;115;87;59;48;2;59;44;31m▐[0m[38;2;143;115;87;48;2;143;115;87m▀[0m[38;2;143;115;87;48;2;143;115;87m▐[0m[38;2;143;115;87;48;2;143;115;87m▘[0m[38;2;142;85;85;48;2;142;85;85m▘[0m[38;2;115;87;59;48;2;142;85;85m▀[0m[38;2;143;115;87;48;2;115;87;59m▖[0m[38;2;87;59;59;48;2;143;115;87m▀[0m[38;2;59;44;31;48;2;143;115;87m▀[0m[38;2;64;24;17;48;2;115;87;59m▀[0m[38;2;115;65;60;48;2;59;44;31m▖[0m[38;2;59;44;31;48;2;59;44;31m▖[0m[38;2;87;59;59;48;2;87;59;59m▗[0m[38;2;87;59;59;48;2;59;44;31m▞[0m[38;2;136;136;136;48;2;87;59;59m▐[0m[38;2;166;160;144;48;2;204;204;204m▐[0m[38;2;170;170;170;48;2;221;221;221m▘[0m[38;2;221;221;221;48;2;245;225;210m▖[0m[38;2;221;221;221;48;2;221;221;221m▘[0m[38;2;221;221;221;48;2;221;221;221m▐[0m[38;2;221;221;221;48;2;221;221;221m▖[0m
   ​[38;2;204;204;204;48;2;204;204;204m▗[0m[38;2;204;204;204;48;2;204;204;204m▀[0m[38;2;204;204;204;48;2;204;204;204m▖[0m[38;2;204;204;204;48;2;204;204;204m▗[0m[38;2;204;204;204;48;2;204;204;204m▐[0m[38;2;204;204;204;48;2;204;204;204m▀[0m[38;2;85;85;85;48;2;204;204;204m▐[0m[38;2;34;34;34;48;2;34;34;34m▗[0m[38;2;25;30;15;48;2;34;34;34m▘[0m[38;2;59;44;31;48;2;115;87;59m▘[0m[38;2;143;115;87;48;2;143;115;87m▞[0m[38;2;143;115;87;48;2;143;115;87m▘[0m[38;2;143;115;87;48;2;143;115;87m▀[0m[38;2;143;115;87;48;2;143;115;87m▘[0m[38;2;143;115;87;48;2;143;115;87m▗[0m[38;2;143;115;87;48;2;143;115;87m▘[0m[38;2;160;105;95;48;2;160;105;95m▝[0m[38;2;171;115;115;48;2;160;105;95m▗[0m[38;2;160;105;95;48;2;195;158;115m▀[0m[38;2;171;115;115;48;2;160;105;95m▖[0m[38;2;59;44;31;48;2;115;87;59m▐[0m[38;2;59;44;31;48;2;59;44;31m▝[0m[38;2;59;44;31;48;2;59;44;31m▗[0m[38;2;119;119;119;48;2;51;51;51m▐[0m[38;2;166;160;144;48;2;187;187;187m▞[0m[38;2;221;221;221;48;2;221;221;221m▖[0m[38;2;221;221;221;48;2;221;221;221m▀[0m[38;2;221;221;221;48;2;221;221;221m▀[0m[38;2;221;221;221;48;2;221;221;221m▐[0m[38;2;221;221;221;48;2;221;221;221m▀[0m
   ​[38;2;204;204;204;48;2;204;204;204m▝[0m[38;2;204;204;204;48;2;204;204;204m▀[0m[38;2;204;204;204;48;2;204;204;204m▗[0m[38;2;204;204;204;48;2;204;204;204m▝[0m[38;2;204;204;204;48;2;204;204;204m▘[0m[38;2;204;204;204;48;2;204;204;204m▞[0m[38;2;166;160;144;48;2;204;204;204m▝[0m[38;2;119;119;119;48;2;34;34;34m▖[0m[38;2;115;87;59;48;2;59;44;31m▝[0m[38;2;143;115;87;48;2;115;87;59m▘[0m[38;2;65;65;35;48;2;87;59;59m▗[0m[38;2;87;59;59;48;2;59;44;31m▀[0m[38;2;115;65;60;48;2;59;44;31m▀[0m[38;2;142;85;85;48;2;59;44;31m▀[0m[38;2;142;85;85;48;2;59;44;31m▀[0m[38;2;115;65;60;48;2;59;44;31m▘[0m[38;2;59;44;31;48;2;59;44;31m▝[0m[38;2;87;59;59;48;2;59;44;31m▝[0m[38;2;143;115;87;48;2;115;87;59m▝[0m[38;2;171;115;115;48;2;115;87;59m▀[0m[38;2;115;65;60;48;2;126;110;96m▝[0m[38;2;51;51;51;48;2;85;85;85m▀[0m[38;2;34;34;34;48;2;51;51;51m▞[0m[38;2;170;170;170;48;2;115;87;59m▐[0m[38;2;221;221;221;48;2;166;160;144m▐[0m[38;2;221;221;221;48;2;221;221;221m▐[0m[38;2;221;221;221;48;2;221;221;221m▗[0m[38;2;221;221;221;48;2;221;221;221m▀[0m[38;2;221;221;221;48;2;221;221;221m▝[0m[38;2;221;221;221;48;2;221;221;221m▀[0m
   ​[38;2;204;204;204;48;2;204;204;204m▝[0m[38;2;204;204;204;48;2;204;204;204m▝[0m[38;2;204;204;204;48;2;204;204;204m▗[0m[38;2;204;204;204;48;2;204;204;204m▘[0m[38;2;204;204;204;48;2;204;204;204m▝[0m[38;2;204;204;204;48;2;204;204;204m▝[0m[38;2;221;221;221;48;2;221;221;221m▀[0m[38;2;143;115;87;48;2;115;87;59m▘[0m[38;2;95;50;20;48;2;87;59;59m▗[0m[38;2;143;115;87;48;2;115;87;59m▖[0m[38;2;115;87;59;48;2;115;87;59m▐[0m[38;2;95;50;20;48;2;115;87;59m▘[0m[38;2;115;87;59;48;2;95;50;20m▘[0m[38;2;115;87;59;48;2;64;24;17m▗[0m[38;2;50;22;35;48;2;115;87;59m▀[0m[38;2;64;24;17;48;2;115;87;59m▖[0m[38;2;59;44;31;48;2;127;63;0m▀[0m[38;2;59;44;31;48;2;115;87;59m▘[0m[38;2;191;127;63;48;2;143;115;87m▗[0m[38;2;191;127;63;48;2;115;87;59m▖[0m[38;2;126;110;96;48;2;203;170;137m▘[0m[38;2;203;170;137;48;2;115;87;59m▖[0m[38;2;115;65;60;48;2;142;85;85m▖[0m[38;2;166;160;144;48;2;160;105;95m▐[0m[38;2;187;187;187;48;2;221;221;221m▘[0m[38;2;221;221;221;48;2;221;221;221m▖[0m[38;2;221;221;221;48;2;221;221;221m▗[0m[38;2;221;221;221;48;2;221;221;221m▖[0m[38;2;221;221;221;48;2;221;221;221m▀[0m[38;2;221;221;221;48;2;221;221;221m▀[0m
   ​[38;2;204;204;204;48;2;204;204;204m▝[0m[38;2;204;204;204;48;2;204;204;204m▐[0m[38;2;204;204;204;48;2;204;204;204m▞[0m[38;2;204;204;204;48;2;204;204;204m▗[0m[38;2;204;204;204;48;2;204;204;204m▐[0m[38;2;204;204;204;48;2;204;204;204m▀[0m[38;2;221;221;221;48;2;221;221;221m▀[0m[38;2;115;87;59;48;2;187;187;187m▐[0m[38;2;160;105;95;48;2;143;115;87m▖[0m[38;2;160;105;95;48;2;115;87;59m▖[0m[38;2;115;87;59;48;2;115;87;59m▀[0m[38;2;115;87;59;48;2;115;87;59m▗[0m[38;2;95;50;20;48;2;115;87;59m▀[0m[38;2;115;65;60;48;2;142;85;85m▘[0m[38;2;171;115;115;48;2;160;105;95m▗[0m[38;2;171;115;115;48;2;115;65;60m▖[0m[38;2;127;63;0;48;2;115;65;60m▀[0m[38;2;115;65;60;48;2;115;87;59m▖[0m[38;2;115;87;59;48;2;160;105;95m▀[0m[38;2;115;87;59;48;2;171;115;115m▘[0m[38;2;203;170;137;48;2;199;143;143m▀[0m[38;2;203;170;137;48;2;199;143;143m▀[0m[38;2;115;65;60;48;2;160;105;95m▀[0m[38;2;204;204;204;48;2;166;160;144m▗[0m[38;2;221;221;221;48;2;221;221;221m▀[0m[38;2;221;221;221;48;2;221;221;221m▘[0m[38;2;221;221;221;48;2;221;221;221m▀[0m[38;2;221;221;221;48;2;221;221;221m▞[0m[38;2;221;221;221;48;2;221;221;221m▝[0m[38;2;221;221;221;48;2;221;221;221m▝[0m
   ​[38;2;204;204;204;48;2;204;204;204m▖[0m[38;2;204;204;204;48;2;204;204;204m▀[0m[38;2;204;204;204;48;2;204;204;204m▗[0m[38;2;204;204;204;48;2;204;204;204m▝[0m[38;2;204;204;204;48;2;204;204;204m▘[0m[38;2;204;204;204;48;2;204;204;204m▖[0m[38;2;221;221;221;48;2;221;221;221m▐[0m[38;2;166;160;144;48;2;204;204;204m▝[0m[38;2;166;160;144;48;2;160;105;95m▖[0m[38;2;143;115;87;48;2;160;105;95m▗[0m[38;2;160;105;95;48;2;143;115;87m▘[0m[38;2;115;87;59;48;2;142;85;85m▗[0m[38;2;115;87;59;48;2;115;87;59m▞[0m[38;2;115;87;59;48;2;115;65;60m▖[0m[38;2;115;87;59;48;2;115;65;60m▐[0m[38;2;142;85;85;48;2;115;87;59m▖[0m[38;2;115;87;59;48;2;142;85;85m▖[0m[38;2;142;85;85;48;2;160;105;95m▖[0m[38;2;160;105;95;48;2;160;105;95m▀[0m[38;2;199;143;143;48;2;171;115;115m▐[0m[38;2;199;143;143;48;2;199;143;143m▗[0m[38;2;171;115;115;48;2;199;143;143m▗[0m[38;2;192;120;113;48;2;203;170;137m▘[0m[38;2;221;221;221;48;2;166;160;144m▐[0m[38;2;221;221;221;48;2;221;221;221m▀[0m[38;2;221;221;221;48;2;221;221;221m▀[0m[38;2;221;221;221;48;2;221;221;221m▐[0m[38;2;221;221;221;48;2;221;221;221m▖[0m[38;2;221;221;221;48;2;221;221;221m▖[0m[38;2;221;221;221;48;2;221;221;221m▗[0m
   ​[38;2;204;204;204;48;2;204;204;204m▝[0m[38;2;204;204;204;48;2;204;204;204m▐[0m[38;2;204;204;204;48;2;204;204;204m▗[0m[38;2;204;204;204;48;2;204;204;204m▝[0m[38;2;204;204;204;48;2;204;204;204m▘[0m[38;2;204;204;204;48;2;204;204;204m▐[0m[38;2;221;221;221;48;2;221;221;221m▐[0m[38;2;221;221;221;48;2;221;221;221m▐[0m[38;2;166;160;144;48;2;204;204;204m▝[0m[38;2;143;115;87;48;2;143;115;87m▝[0m[38;2;143;115;87;48;2;143;115;87m▀[0m[38;2;115;65;60;48;2;115;87;59m▝[0m[38;2;115;65;60;48;2;115;87;59m▀[0m[38;2;115;65;60;48;2;115;65;60m▐[0m[38;2;115;65;60;48;2;115;65;60m▞[0m[38;2;115;65;60;48;2;115;87;59m▀[0m[38;2;115;65;60;48;2;142;85;85m▀[0m[38;2;142;85;85;48;2;115;87;59m▐[0m[38;2;160;105;95;48;2;160;105;95m▖[0m[38;2;199;143;143;48;2;171;115;115m▝[0m[38;2;199;143;143;48;2;171;115;115m▀[0m[38;2;203;170;137;48;2;171;115;115m▗[0m[38;2;166;160;144;48;2;204;204;204m▐[0m[38;2;204;204;204;48;2;221;221;221m▘[0m[38;2;221;221;221;48;2;221;221;221m▖[0m[38;2;221;221;221;48;2;221;221;221m▀[0m[38;2;221;221;221;48;2;221;221;221m▐[0m[38;2;221;221;221;48;2;221;221;221m▀[0m[38;2;221;221;221;48;2;221;221;221m▀[0m[38;2;221;221;221;48;2;221;221;221m▘[0m
   ​[38;2;204;204;204;48;2;204;204;204m▝[0m[38;2;204;204;204;48;2;204;204;204m▞[0m[38;2;204;204;204;48;2;204;204;204m▀[0m[38;2;204;204;204;48;2;204;204;204m▘[0m[38;2;204;204;204;48;2;204;204;204m▝[0m[38;2;204;204;204;48;2;204;204;204m▝[0m[38;2;204;204;204;48;2;204;204;204m▗[0m[38;2;221;221;221;48;2;221;221;221m▀[0m[38;2;221;221;221;48;2;221;221;221m▗[0m[38;2;140;128;89;48;2;204;204;204m▝[0m[38;2;143;115;87;48;2;143;115;87m▘[0m[38;2;115;87;59;48;2;115;87;59m▀[0m[38;2;142;85;85;48;2;115;87;59m▝[0m[38;2;115;87;59;48;2;115;87;59m▖[0m[38;2;115;65;60;48;2;115;87;59m▖[0m[38;2;143;115;87;48;2;115;87;59m▝[0m[38;2;143;115;87;48;2;126;110;96m▀[0m[38;2;126;110;96;48;2;115;87;59m▀[0m[38;2;115;87;59;48;2;126;110;96m▖[0m[38;2;171;115;115;48;2;126;110;96m▘[0m[38;2;143;115;87;48;2;143;115;87m▞[0m[38;2;203;170;137;48;2;195;158;115m▝[0m[38;2;204;204;204;48;2;166;160;144m▗[0m[38;2;221;221;221;48;2;221;221;221m▐[0m[38;2;221;221;221;48;2;221;221;221m▖[0m[38;2;221;221;221;48;2;221;221;221m▘[0m[38;2;221;221;221;48;2;221;221;221m▝[0m[38;2;221;221;221;48;2;221;221;221m▘[0m[38;2;221;221;221;48;2;221;221;221m▝[0m[38;2;221;221;221;48;2;221;221;221m▐[0m
   ​[38;2;204;204;204;48;2;204;204;204m▞[0m[38;2;204;204;204;48;2;204;204;204m▝[0m[38;2;204;204;204;48;2;204;204;204m▗[0m[38;2;204;204;204;48;2;204;204;204m▖[0m[38;2;204;204;204;48;2;204;204;204m▐[0m[38;2;204;204;204;48;2;204;204;204m▀[0m[38;2;204;204;204;48;2;204;204;204m▐[0m[38;2;221;221;221;48;2;204;204;204m▀[0m[38;2;204;204;204;48;2;204;204;204m▀[0m[38;2;221;221;221;48;2;204;204;204m▀[0m[38;2;221;221;221;48;2;187;187;187m▘[0m[38;2;170;170;170;48;2;126;110;96m▖[0m[38;2;115;65;60;48;2;115;87;59m▐[0m[38;2;115;65;60;48;2;115;65;60m▐[0m[38;2;87;59;59;48;2;87;59;59m▞[0m[38;2;87;59;59;48;2;87;59;59m▝[0m[38;2;115;65;60;48;2;115;65;60m▘[0m[38;2;115;87;59;48;2;87;59;59m▀[0m[38;2;115;87;59;48;2;115;87;59m▀[0m[38;2;115;87;59;48;2;115;87;59m▖[0m[38;2;143;115;87;48;2;143;115;87m▘[0m[38;2;171;115;115;48;2;166;160;144m▘[0m[38;2;221;221;221;48;2;170;170;170m▐[0m[38;2;221;221;221;48;2;221;221;221m▞[0m[38;2;221;221;221;48;2;221;221;221m▖[0m[38;2;221;221;221;48;2;221;221;221m▐[0m[38;2;221;221;221;48;2;221;221;221m▐[0m[38;2;221;221;221;48;2;221;221;221m▖[0m[38;2;221;221;221;48;2;221;221;221m▝[0m[38;2;221;221;221;48;2;221;221;221m▖[0m
   ​[38;2;204;204;204;48;2;204;204;204m▞[0m[38;2;204;204;204;48;2;204;204;204m▘[0m[38;2;204;204;204;48;2;204;204;204m▀[0m[38;2;204;204;204;48;2;204;204;204m▀[0m[38;2;204;204;204;48;2;204;204;204m▀[0m[38;2;204;204;204;48;2;204;204;204m▀[0m[38;2;204;204;204;48;2;166;160;144m▀[0m[38;2;187;187;187;48;2;166;160;144m▘[0m[38;2;136;136;136;48;2;166;160;144m▗[0m[38;2;166;160;144;48;2;166;160;144m▐[0m[38;2;136;136;136;48;2;166;160;144m▗[0m[38;2;136;136;136;48;2;143;115;87m▘[0m[38;2;115;87;59;48;2;143;115;87m▝[0m[38;2;115;87;59;48;2;115;87;59m▗[0m[38;2;87;59;59;48;2;115;87;59m▝[0m[38;2;87;59;59;48;2;115;87;59m▘[0m[38;2;115;87;59;48;2;115;87;59m▗[0m[38;2;115;87;59;48;2;115;87;59m▐[0m[38;2;102;102;102;48;2;115;87;59m▗[0m[38;2;126;110;96;48;2;126;110;96m▝[0m[38;2;126;110;96;48;2;126;110;96m▗[0m[38;2;136;136;136;48;2;166;160;144m▘[0m[38;2;204;204;204;48;2;221;221;221m▘[0m[38;2;221;221;221;48;2;221;221;221m▝[0m[38;2;221;221;221;48;2;221;221;221m▖[0m[38;2;221;221;221;48;2;221;221;221m▀[0m[38;2;221;221;221;48;2;221;221;221m▖[0m[38;2;221;221;221;48;2;221;221;221m▘[0m[38;2;221;221;221;48;2;221;221;221m▘[0m[38;2;221;221;221;48;2;221;221;221m▖[0m
   ​[38;2;204;204;204;48;2;204;204;204m▀[0m[38;2;204;204;204;48;2;204;204;204m▐[0m[38;2;204;204;204;48;2;204;204;204m▗[0m[38;2;204;204;204;48;2;204;204;204m▀[0m[38;2;187;187;187;48;2;204;204;204m▗[0m[38;2;187;187;187;48;2;136;136;136m▘[0m[38;2;136;136;136;48;2;136;136;136m▘[0m[38;2;136;136;136;48;2;136;136;136m▞[0m[38;2;136;136;136;48;2;136;136;136m▗[0m[38;2;153;153;153;48;2;136;136;136m▐[0m[38;2;136;136;136;48;2;153;153;153m▐[0m[38;2;143;115;87;48;2;126;110;96m▝[0m[38;2;143;115;87;48;2;126;110;96m▀[0m[38;2;143;115;87;48;2;126;110;96m▀[0m[38;2;143;115;87;48;2;126;110;96m▀[0m[38;2;115;87;59;48;2;126;110;96m▝[0m[38;2;115;87;59;48;2;102;102;102m▀[0m[38;2;102;102;102;48;2;102;102;102m▝[0m[38;2;102;102;102;48;2;102;102;102m▘[0m[38;2;102;102;102;48;2;102;102;102m▝[0m[38;2;136;136;136;48;2;126;110;96m▗[0m[38;2;204;204;204;48;2;166;160;144m▐[0m[38;2;245;225;210;48;2;221;221;221m▗[0m[38;2;221;221;221;48;2;221;221;221m▗[0m[38;2;221;221;221;48;2;221;221;221m▞[0m[38;2;221;221;221;48;2;221;221;221m▝[0m[38;2;221;221;221;48;2;221;221;221m▖[0m[38;2;221;221;221;48;2;221;221;221m▀[0m[38;2;221;221;221;48;2;221;221;221m▝[0m[38;2;221;221;221;48;2;221;221;221m▀[0m
   ​[38;2;204;204;204;48;2;204;204;204m▘[0m[38;2;204;204;204;48;2;204;204;204m▝[0m[38;2;204;204;204;48;2;204;204;204m▐[0m[38;2;204;204;204;48;2;204;204;204m▘[0m[38;2;187;187;187;48;2;136;136;136m▘[0m[38;2;136;136;136;48;2;136;136;136m▖[0m[38;2;136;136;136;48;2;136;136;136m▀[0m[38;2;136;136;136;48;2;136;136;136m▗[0m[38;2;136;136;136;48;2;136;136;136m▗[0m[38;2;136;136;136;48;2;136;136;136m▐[0m[38;2;136;136;136;48;2;136;136;136m▘[0m[38;2;119;119;119;48;2;136;136;136m▐[0m[38;2;126;110;96;48;2;119;119;119m▝[0m[38;2;126;110;96;48;2;119;119;119m▀[0m[38;2;126;110;96;48;2;126;110;96m▐[0m[38;2;126;110;96;48;2;126;110;96m▞[0m[38;2;102;102;102;48;2;126;110;96m▀[0m[38;2;102;102;102;48;2;126;110;96m▘[0m[38;2;126;110;96;48;2;126;110;96m▝[0m[38;2;126;110;96;48;2;126;110;96m▝[0m[38;2;166;160;144;48;2;126;110;96m▐[0m[38;2;166;160;144;48;2;204;204;204m▘[0m[38;2;221;221;221;48;2;221;221;221m▘[0m[38;2;221;221;221;48;2;221;221;221m▝[0m[38;2;221;221;221;48;2;221;221;221m▐[0m[38;2;221;221;221;48;2;221;221;221m▘[0m[38;2;221;221;221;48;2;221;221;221m▝[0m[38;2;221;221;221;48;2;221;221;221m▞[0m[38;2;221;221;221;48;2;221;221;221m▗[0m[38;2;221;221;221;48;2;221;221;221m▐[0m
   ​[38;2;204;204;204;48;2;204;204;204m▞[0m[38;2;204;204;204;48;2;204;204;204m▘[0m[38;2;204;204;204;48;2;204;204;204m▀[0m[38;2;166;160;144;48;2;204;204;204m▐[0m[38;2;136;136;136;48;2;136;136;136m▀[0m[38;2;136;136;136;48;2;153;153;153m▝[0m[38;2;153;153;153;48;2;136;136;136m▖[0m[38;2;136;136;136;48;2;136;136;136m▝[0m[38;2;136;136;136;48;2;136;136;136m▀[0m[38;2;136;136;136;48;2;136;136;136m▞[0m[38;2;136;136;136;48;2;136;136;136m▗[0m[38;2;136;136;136;48;2;119;119;119m▖[0m[38;2;119;119;119;48;2;119;119;119m▝[0m[38;2;119;119;119;48;2;119;119;119m▞[0m[38;2;119;119;119;48;2;119;119;119m▐[0m[38;2;126;110;96;48;2;119;119;119m▝[0m[38;2;126;110;96;48;2;119;119;119m▘[0m[38;2;119;119;119;48;2;119;119;119m▀[0m[38;2;126;110;96;48;2;119;119;119m▝[0m[38;2;126;110;96;48;2;126;110;96m▘[0m[38;2;136;136;136;48;2;166;160;144m▘[0m[38;2;221;221;221;48;2;221;221;221m▘[0m[38;2;221;221;221;48;2;221;221;221m▀[0m[38;2;221;221;221;48;2;221;221;221m▐[0m[38;2;221;221;221;48;2;221;221;221m▗[0m[38;2;221;221;221;48;2;221;221;221m▀[0m[38;2;221;221;221;48;2;221;221;221m▞[0m[38;2;221;221;221;48;2;221;221;221m▞[0m[38;2;221;221;221;48;2;221;221;221m▞[0m[38;2;221;221;221;48;2;221;221;221m▞[0m
[21A[9999999D[37C[0m[1m[0m 
[37C[0m[31m[1m Weather[0m[0m:[0m 12°C (Konya, Turkey)[0m 
[37C[0m[1m┌──────────────────────────────────────┐[0m 
[37C[0m[31m[1m  OS[0m[0m:[0m Ubuntu 22.04.4 LTS on Windows 11[0m 
[37C[0m[31m[1m  Kernel[0m[0m:[0m 5.15.153.1-atilim-standard-WSL2[0m
[37C[0m[31m[1m  Uptime[0m[0m:[0m 23 years 5 months, 9 days[0m 
[37C[0m[31m[1m  Packages[0m[0m:[0m 1535 (cmpe), 120 (ise), 1 (math)[0m 
[37C[0m[31m[1m  Shell[0m[0m:[0m bash 5.1.16[0m 
[37C[0m[31m[1m  Theme[0m[0m:[0m CypherPunk2071 [GTK3][0m 
[37C[0m[31m[1m  Icons[0m[0m:[0m CypherPunk2071 [GTK3][0m 
[37C[0m[31m[1m  Terminal[0m[0m:[0m Relay(41202)[0m 
[37C[0m[31m[1m  CPU[0m[0m:[0m Intel i7-7700HQ (8) @ 2.808GHz[0m 
[37C[0m[31m[1m  GPU[0m[0m:[0m NVIDIA GeForce GTX 1060[0m 
[37C[0m[31m[1m  Memory[0m[0m:[0m 737MiB / 7890MiB[0m 
[37C[0m[31m[1m  Disk[0m[0m:[0m 60G / 1007G (7%)[0m 
[37C[0m[31m[1m  Battery1[0m[0m:[0m 99% [Unknown][0m 
[37C[0m[31m[1m  Font[0m[0m:[0m Comic Sans [GTK3][0m 
[37C[0m[31m[1m  Local IP[0m[0m:[0m 172.28.242.109[0m 
[37C[0m[1m└──────────────────────────────────────┘[0m 
[37C[0m[1m[0m 
[37C[0m[1m  [1;90m──[1;31m────[1;32m────[1;33m────[1;34m────[1;35m────[1;36m────[1;37m──[0m 

[?25h[?7h
